Brownian Motion Simulation
2013-12-05-05:03:48

Simulation Parameters:
   times run: 100
   number of particles: 300
   simulation time (s): 250
   dt (s): 0.25
   box size (m): 500.0
   mass radius: 100
   particle radius: 2
   particle speed interval: [15,100]

Average displacement: 1.0737331292345178
Standard deviation: 0.48199217009567075

Displacement data:
1.4079366841004761
1.0544265551810397
0.8498139276418298
1.2317697320369203
0.9386842457087158
1.143312208758323
1.3485382996246944
0.7030132004739028
2.7327321872727417
2.0310183996599918
0.7267517205773361
1.1640721162917924
1.5814049415726312
0.7523555822345922
2.1735596144281972
1.3311855365379583
1.2603413632187805
1.0584615395171832
0.8202554832266086
0.9110825897318238
1.568343355038545
0.37292377076326816
0.8896265305622632
1.5463209903459214
0.11321644835456669
2.199862437035405
0.5091371030067962
0.3555892799449788
1.2211230687220034
0.2984318417736163
0.7605339664091579
0.9392051582503648
0.823025518509766
1.6684664615037963
1.4352807936229275
0.845508771648492
0.9058819898555297
1.7225808542109364
1.0313662107517623
0.7626804699609574
0.6158465185013194
0.6915247119023978
1.654283267492992
0.9143310747801886
0.4919576330116893
0.45332338984102444
0.6268953211967089
1.3878615625803923
0.8824648580790275
2.034478592518022
1.1513312988201936
0.968910287073918
0.9799541279456326
1.6134442327599021
1.5456812547165084
1.6217280384502544
0.7069242969618975
1.607796272111301
0.6115487653569375
0.7707298194576091
0.34867497103649797
0.7802483430704197
0.45011217810136006
0.5540207522926764
0.8328935596943816
1.7473085936161792
1.0303912102918336
1.1389848978292076
0.32946080178499465
0.3154023757110706
1.6711992333466394
1.0840757850316387
1.524463954185518
0.6276416916943485
1.0900653756376582
1.2068208264824836
0.9550837260922549
0.7783732725553769
1.520296739013458
1.4087691292098021
1.831062312710836
1.0105232868037237
1.0256180600080564
1.9449488390677925
0.8625665565501988
0.7446761193140061
0.6385878330544802
1.279743745661469
1.6467323625529022
1.0468009815716177
0.4199759890904953
0.8849291696344841
1.1499312075588273
1.0806265374034394
0.84931018934267
1.121427826217913
1.1318406277655835
1.088546666524915
0.46692897640807685
1.2334119479079781
