Brownian Motion Simulation
2013-12-04-22:31:23

Simulation Parameters:
   times run: 500
   number of particles: 5
   simulation time (s): 100
   dt (s): 0.25
   box size (m): 500.0
   mass radius: 100
   particle radius: 10
   particle speed interval: [15,100]

Average displacement: 3.686199544956751
Standard deviation: 4.323051801212765

Displacement data:
13.717306327997465
0.0
0.0
0.0
5.780806458572174
2.6135772725575337
0.0
0.0
0.0
0.0
8.325114508523676
0.9848519828020343
0.0
3.022596281128479
1.8678373172003158
1.330219514911508
2.3982322090040697
0.0
10.781568034846304
1.5266417376991805
4.052458366462002
0.0
5.505671057905547
0.0
11.252353120829946
0.0
1.9209827652811948
5.838294441246328
5.147630702448139
4.9340996381824
0.0
3.408290682655201
6.492224947591759
5.847593783704289
0.0
0.0
5.097789844892463
14.459922711800887
0.0
0.5932420547021263
6.211209042922589
0.0
2.4688448020170237
0.3020258105002266
2.544272981257943
13.028448063919111
2.9991697894149474
0.0
5.672330237621445
0.49533470514886335
3.979359216435122
17.303595258126578
14.811416615358018
7.345346291669802
6.226001962748285
0.0
9.593244904756475
0.0
5.011066176804347
0.0
1.8189209235728825
0.03509738202197475
0.1461015989864066
0.0
16.053501741006137
7.720014347935338
0.0
4.241238926353921
0.0
0.0
0.0
11.260043380395878
1.1917260767281679
0.0
0.0
0.0
2.332519030152215
0.0
5.488236958359514
0.0
7.468414382699436
0.0
0.017875071884398408
0.0
5.791351012704605
0.07021453324561588
0.9688770251574239
13.008230975969541
4.409026772754107
2.8503221284744527
6.038892907597583
13.321164344080406
9.040550399358292
0.0
0.0
16.913357731860582
6.546973544380128
8.840526222070224
6.980923027981411
5.943390013904151
0.0
10.931543023402297
6.281783373327505
0.0
2.0287794690281347
0.0
0.0
0.0
0.6552798373190194
8.046214445390023
11.78193129338879
13.95993704795071
0.0
0.0
0.0
4.286772458406067
7.678775190106779
0.0
8.988306316215178
0.0
0.0
0.22606116544066923
0.0
8.581573822708682
8.0610040994451
0.0
0.0
17.230670992836213
0.0
0.21799934427351722
3.0137201698242966
11.174788862144947
0.4180737582203182
12.119123531780373
0.0
1.2499054515351558
3.2788315399787904
2.9538528459508604
5.7775675093580805
1.1960222566536185
0.0
3.453861239704505
0.0
9.152363156514227
0.0
6.399770877814923
2.546053049869599
0.0
0.0
1.7572248131030244
0.0
13.784599143275672
4.47551901363306
0.1413132841424779
0.0
1.759228609252238
6.3795873052655185
6.015693176597468
4.865273726332677
9.138197308713908
5.661489358931475
0.0
0.0
10.710025886559999
0.7084489917513263
0.0
5.102777162551282
10.422758776752332
0.0
3.022406264450497
8.805690370980257
0.4533658674713977
9.98893911540088
0.0
7.62742834426079
0.0
21.215543605211817
3.6631761250874955
3.9327212655820785
12.9942992018212
5.133778470131879
8.391624089614679
0.2700513817180291
0.0
0.0
2.151258583878888
0.0
0.7770623988407539
1.37320735050875
11.471562612937259
0.0
4.432147739585646
8.42095761492209
0.0
12.470784768502483
0.0
13.02604985327549
0.0
2.030638831001477
3.7056451361440477
0.0
10.151508507957237
9.417184344401191
11.10455217745003
0.6257347717241452
5.627304875805793
13.366031312471916
4.146531340261042
4.528879919439415
3.826978749223853
0.0
0.39967778011176974
0.0
0.5019136001565128
0.0
8.074708731364522
11.707763783769495
7.224503371065503
10.580385331603118
5.955907960328617
0.0
0.5612483555089329
0.0
6.652869356258349
4.300592150760529
0.0
0.0
2.516542878254936
0.0
3.9254289651155405
7.889916762497066
4.308632916557058
0.0
5.866674281706039
0.0
4.732151446165743
1.051801491952104
0.0
3.1063423141765805
0.0
2.5205432448761314
9.233255073484957
0.9146141275764164
0.0
3.6567813571417003
6.099939079393724
0.0
8.94449248395846
0.09203065441142674
7.297244496019176
0.0
10.37840321135329
3.3335769914393296
8.192032278827494
0.0
5.678036218814285
0.0
0.0
6.5361058404470675
1.2709874282331466
10.214719313358506
7.066682900172316
0.0
13.170224997573568
0.0
2.763982947069417
5.176523897425506
0.0
6.357452544030489
1.8071769634478985
1.2922794592471651
0.0
0.0
2.586782323526088
5.932559281074112
5.815483472557384
4.299038049827497
0.0
9.09096495933452
0.0
0.0
2.8121651646248513
0.12215190769599585
2.2757949108648505
7.289692626685113
0.0
10.952715746952256
8.890832239003265
0.0
0.0
0.0
0.0
0.0
3.1614356049341734
12.8013513260787
5.194710539699142
6.396986176281825
0.0
0.0
0.0
0.0
5.705781905395357
5.941264533566003
0.7191071009159828
1.8399512012301396
0.0
3.7619973457526035
2.8218531110214733
4.300109599451501
0.0
9.619477523419105
0.0
1.1315637813595743
4.246352553087018
0.0
6.848674018378909
0.0
1.0375543237919624
0.43619949448217255
0.0
4.9628211600231396
9.323262241975778
3.392257427713768
0.0
3.700451819683516
1.220004223496181
1.1027151857630275
0.06947537881078705
0.0
0.0
1.1696469319985356
4.519772352190702
0.0
0.0
0.0
8.703164764458455
8.300882545380599
2.281424053573144
0.0
0.0
1.4647346180582068
5.106728900382213
0.0
5.199929370132748
0.5006006074599406
0.0
0.0
1.928853244841299
3.1220390557044118
0.0
5.63867900037872
1.1700907095291386
0.0
1.0599517501911977
0.0
12.753450074345901
0.0
0.0
8.396009920245247
0.0
5.056553588367276
6.916071383354543
5.094750046475669
0.0
0.0
12.608165686909606
1.9827011191934476
0.6820618428608098
9.915461899080452
1.5434466922720755
5.914808769975743
0.0
16.58309263495237
6.443021754970831
0.0
18.42204168319769
3.541653646081826
0.0
0.0
0.0
0.899533104548922
10.255711249728643
11.329786245333251
0.0
3.5483646048014785
5.333380887464318
0.0
0.0
0.0
0.0
0.0
13.03428111562188
7.995798180774728
5.7629881467165776
4.325224149686435
11.742809692807564
2.045281839607272
6.7261337802277685
0.0
0.0
7.50795404115145
4.806556446471211
5.7912196710454085
0.0
3.415872415657708
0.0
0.0
0.0
0.0
0.3080776052886917
2.890579570606925
16.73763482762846
3.3580018674351044
1.8398206642746102
5.265442956204158
0.0
5.8266041104802655
5.484725977791668
3.01546658413367
13.944623851644486
0.0
0.0
10.001357532323542
2.0671381590004843
0.0
0.38610638866205715
0.0
1.6644329203888784
0.0
0.0
6.423741884222304
2.5964401894742704
0.9364166798482731
3.1775660852151786
3.009381067521248
7.141860049086591
10.579660724918487
9.96097615465972
2.982037890464212
8.823551341628106
7.8510560566219
0.0
8.850274644743235
11.466927225035526
4.347206838380723
10.409987530149838
6.510711345197616
5.826667808586889
1.829446729347778
1.2098788244846828
2.5056115720230014
0.0
0.0
3.1747629081114384
0.0
0.0
5.836458467618482
3.9529713580536545
4.551855873577584
3.6229797488680315
5.307467142757054
5.5543397069092855
5.047581995965073
11.562781339387662
2.79892042405151
0.0
2.904064065837529
0.0
0.0
8.941319716654169
0.0
11.551826127490171
16.37548994898552
0.03159723970600858
2.5498370335746943
12.338975775690317
0.0
2.5820472916633523
1.582504282634876
1.4768618527329762
7.021753967493811
0.0
0.20476250591169182
0.0
7.690963359578112
6.889065892152862
1.8355224948947506
0.0
1.9208292511984468
4.1009095157287545
0.4633175622548302
8.450912906065069
0.3656323927746295
1.8360315389057047
1.0453970645340303
0.09217614087903123
6.3382172560767085
8.017645453071662
0.0
0.0
