Brownian Motion Simulation
2013-12-04-22:31:41

Simulation Parameters:
   times run: 500
   number of particles: 1
   simulation time (s): 100
   dt (s): 0.25
   box size (m): 500.0
   mass radius: 100
   particle radius: 10
   particle speed interval: [15,100]

Average displacement: 0.9503181554906408
Standard deviation: 2.4207815055243653

Displacement data:
0.0
0.0
1.054824842191541
0.0
0.0
0.0
0.0
0.0
0.0
0.0
0.0
0.0
0.0
0.0
0.0
7.101722073250746
0.0
0.0
0.0
0.0
0.0
0.0
0.0
0.0
0.0
0.0
0.0
0.0
0.0
0.0
0.0
0.0
0.0
0.0
3.624849602288964
0.16593466732312184
1.821861420750832
0.0
0.0
0.0
8.089960125504351
0.0
0.0
1.410031749312071
0.0
0.0
0.0
0.0
0.0
0.0
0.0
8.216973671161883
0.0
6.643475626149569
0.0
4.28931802660111
0.0
0.0
0.0
0.0
0.0
3.3083521729357304
0.0
0.0
0.0
11.145797409012486
0.0
0.0
0.0
0.0
0.0
0.0
0.0
0.0
0.0
0.0
0.0
0.0
0.0
0.0
0.0
0.0
0.0
0.0
0.0
2.888871473116698
0.0
9.835085271517926
0.0948602255401389
0.0
0.0
0.0
0.0
0.0
0.0
0.0
0.0
0.0
0.0
0.0
0.0
0.0
0.0
0.3712878727560484
0.0
0.0
0.0
2.3150344052483702
1.1585116021188042
8.35705300813976
0.0
2.8451392351661875
0.0
0.0
3.922461153181718
0.0
0.0
3.3535407242856037
0.0
0.0
0.0
0.0
0.0
0.0
0.0
0.6288180116466243
0.0
0.0
0.0
0.0
0.0
0.0
0.0
0.0
0.0
0.669851167461292
0.0
0.0
0.0
0.0
5.386896083993248
8.99878076845229
0.0
0.0
0.0
9.31155214103182
1.2395381504792071
0.0
0.0
0.0
0.0
0.0
0.0
0.0
0.0
0.0
0.0
0.23330629508415765
0.0
0.0
0.0
0.0
2.981090036030667
0.0
0.0
6.8358016141417295
7.277351608183598
7.884676486243874
0.0
0.0
3.400196699107905
0.0
0.0
0.0
0.0
8.555275061838142
0.0
0.0
0.0
0.0
0.0
0.0
0.0
0.0
0.0
0.0
0.0
5.671245350287411
0.0
0.0
0.0
0.0
0.0
2.7210556069060523
0.0
0.0
0.0
0.0
0.0
0.0
0.0
0.0
0.0
0.0
0.0
3.915990346661668
0.0
0.0
0.0
0.0
6.433580373464895
0.0
0.0
0.0
8.515555887319813
5.223913836748897
1.2840416746406176
1.3496370777164615
0.0
0.0
4.662758742699201
0.0
3.4377547854414594
2.453598903408555
0.0
0.0
0.0
0.0
0.0
0.6272011579424224
0.0
8.281499837627718
0.0
0.0
0.0
0.0
0.0
0.0
0.0
0.0
0.0
0.0
0.0
0.0
0.0
0.0
1.6701641124724416
1.4359029221940638
7.637255410996385
0.0
0.0
0.0
7.52442178435744
0.0
0.0
0.0
0.0
0.0
0.0
0.0
8.87546591606839
0.0
0.0
0.0
0.0
0.0
0.0
0.0
0.0
1.095321547205807
0.0
3.523207370258633
0.0
0.0
4.111225489817928
10.581611284356693
0.0
9.97297935079047
0.3790042744932228
0.0
0.0
0.0
0.0
0.0
0.0
0.0
2.169096362337166
0.0
0.9289680745708997
0.0
0.03249554737952719
0.0
0.0
8.771179712636433
0.0
0.0
0.0
0.0
0.0
6.2115471067091
0.0
0.0
0.0
1.7898707104011724
0.0
0.0
0.0
0.0
5.908763076947101
0.0
0.0
2.793754101568884
1.235438252764941
0.0
0.0
0.0
0.0
0.0
0.24221264479383553
7.419351615730797
0.0
0.9205283998663744
0.0
2.4786395258209115
0.0
0.0
0.0
2.81227863985511
0.0
0.0
0.0
0.0
0.0
0.0
5.885692886283829
0.0
0.0
0.0
0.0
4.045561765643338
0.0
0.0
4.887775727012334
0.0
0.0
0.0
6.734254290218659
0.0
0.0
0.0
0.0
0.0
3.843757921499719
1.7045861186235853
0.0
0.0
0.30532649566145337
0.0
0.0
0.0
8.65627428924719
0.0
0.0
11.386189015082174
0.0
0.0
0.0
0.0
0.0
0.0
0.0
0.0
0.0
0.0
6.003682881146964
0.0
0.0
0.0
0.0
0.0
0.0
5.1157496839931405
0.0
0.0
0.5629197744001984
0.0
0.0
0.0
4.526461038312265
0.5298705942579801
0.0
0.0
9.713008502473274
0.0
0.0
0.0
0.0
0.0
0.0
0.0
0.0
0.0
0.0
0.0
0.0
0.0
0.0
0.0
0.0
0.0
0.0
0.0
0.0
0.0
0.0
0.0
1.8055966640835197
0.0
0.0
0.0
0.0
0.0
0.0
0.0
0.0
0.0
0.0
0.0
0.0
0.0
9.054561030087125
0.0
0.0
0.0
0.0
10.18141969120565
0.0
0.0
2.9339512566074495
0.0
0.0
5.466646124948449
0.0
0.0
8.036995265390189
0.0
0.0
0.0
0.0
0.0
0.0
0.0
17.299254874134398
0.055117128053696104
0.0
0.9908899299264768
0.0
0.0
1.9396476321601859
0.0
0.0
0.0
0.0
0.0
0.6872525600860331
4.524491511796657
0.0
0.0
0.0
0.0
0.0
0.0
1.3488499635803626
0.0
5.842901195114785
0.0
0.0
0.0
0.0
0.0
0.0
0.0
0.8610859543458965
0.0
0.0
0.0
0.0
2.7979768115028394
0.0
0.0
10.27279049330748
0.7523341492150616
0.0
0.0
5.889607229410977
0.0
0.0
0.0
0.0
0.0
