Brownian Motion Simulation
2013-12-04-22:50:48

Simulation Parameters:
   times run: 250
   number of particles: 100
   simulation time (s): 1000
   dt (s): 5
   box size (m): 500.0
   mass radius: 100
   particle radius: 10
   particle speed interval: [15,100]

Average displacement: 245.2058762684708
Standard deviation: 104.97972677371739

Displacement data:
160.17950443189045
258.1573080049861
224.99003877864234
210.9114864805802
307.8670540739487
323.6017025830568
175.2709983079533
429.9538220055917
345.9551666110033
148.73616780141379
484.35075299874023
323.52994195555266
195.3558150767045
247.86371748563934
406.68209383281527
298.82824444600726
182.1402274956375
235.68125442360378
281.6976260597404
345.9656606818418
253.74512408517927
431.52589990379965
134.46777914753415
143.89610684869916
394.95372514439674
377.23503972298613
249.57212666811225
77.11685778961416
101.14698974241415
191.96995753863615
213.18113421482903
99.58513457902868
90.40371164727557
139.96799910975966
197.9601155666333
153.50194079883457
172.1327260176487
175.89044884269188
332.5205138268251
127.31877059933872
132.63312696962709
307.17096138167915
103.64881275311274
274.6531196794985
253.85940751548216
226.4880446490133
341.95194578368654
432.44326813816093
223.57332283657354
276.73011518954615
162.3801255226382
151.90210806892603
266.4055527166036
268.743755834173
327.53080497994875
176.43972736221448
358.2095020553332
304.80799030790155
505.09072201045734
204.7040430397551
56.61749859019149
276.96823389706935
298.32513914476766
115.80312980116767
169.9951239243021
220.13594367913436
436.3542487300106
263.8858327172682
172.0225106989226
200.30478367511174
377.89454936912114
395.6272136662221
172.07486708397917
472.94523682208296
106.30741796925696
156.79951197054862
150.23141025092826
285.15182499089553
37.46565262090067
256.73468198716506
356.8353028853964
335.56823038923727
240.30966527770755
127.6531009596197
201.92452786548563
140.55561065432263
327.17197340861134
145.5010993844508
386.8077244021805
448.0681659347751
369.387802740678
154.97933162387113
264.34908458637045
40.24760985219871
387.81217439518707
287.5195413758309
185.48730826923222
268.54753356653623
322.54817146404844
308.32083276458013
220.32458510414622
224.55163658344836
309.54803572867087
206.29000082488213
352.3520215887131
99.60690517642203
163.03044799773878
334.8701749894258
176.43527737487423
234.96338401741951
99.397138643912
324.8831500974104
116.53095453535683
61.47921941510117
333.12761107889946
68.78265669376863
342.63142381230483
188.0411413426113
342.41418026367313
322.47497400377415
445.9893427413786
370.6028571439085
134.90258476642896
255.30329575772294
185.0293652302753
215.36404920107898
187.3433676297365
268.7785731574499
290.3694253046541
157.01379498482586
279.7569644277424
96.26505428030188
224.71300391906345
216.9551848477389
224.1239631467405
344.9646366855201
328.36868098759226
147.11857183856586
228.86673471464997
411.5696364423646
237.0722623864148
209.71517809716738
320.9447407257801
113.09606786255878
226.91206319430344
176.88380597918263
39.63238746222655
316.8208103574083
233.81035095591815
118.40990975543683
216.56133998501662
314.54183823584145
385.2765707617225
233.67419773587193
49.26659152932227
329.0226941527262
250.29992082516557
357.70579075419823
207.6579756512359
202.8114652564105
322.33227292626367
108.34883014415153
133.0900114103961
258.1570676687236
264.13547120960976
196.4307839761391
433.07290019899506
217.54530420352287
78.72590713551347
505.12675473766836
464.21349384547364
388.9016246959987
216.31730914730448
342.43405413873455
99.44378765566118
410.7859904163776
270.93320434096825
122.7944749141056
271.6931520525864
152.202445010265
188.06439907262205
218.73343660057841
123.82471484851678
205.4839214673535
389.2593949933198
206.91830198244202
213.86379646014427
554.385784062218
260.76188908167137
164.37383603031375
206.4196523938321
230.7391422866272
117.38493704232702
373.81669451343356
144.01559156053537
232.79289669051755
370.98921629344875
301.478259275418
392.8139865151712
276.1848386508127
364.82264280030535
180.78238085986587
263.97189032946216
226.31123707208238
285.2118474428873
336.58331280894663
181.80800480358124
118.82641804385513
134.2864274698538
380.41136284434083
264.4313251667855
407.92748405474396
244.8313873630326
120.50747082179282
351.5208976812443
121.76154900471158
399.49737098856957
108.05180445579776
244.88473111782832
275.6686614942009
167.93639683472648
225.44367936570455
233.90737070716125
266.6117881981088
193.15213356383015
231.72240876513902
206.43810366286604
116.85175208158192
163.20282491685276
376.25438859771924
241.33103969221122
225.62995906699487
140.23842867941514
435.2634024713706
372.91520510764985
196.69133186817555
303.4512925586108
294.86571681615817
111.93951583643975
130.87198702750936
375.84323634599633
209.02084380905893
260.6280171547834
22.518203917165188
147.12157529188124
114.11239420072631
374.4488583375756
114.10157150112867
408.7787947656245
257.42239604439806
