Brownian Motion Simulation
2013-12-03-10:51:15

Simulation Parameters:
   times run: 250
   number of particles: 100
   simulation time (s): 100
   dt (s): 0.25
   box size (m): 500.0
   mass radius: 100
   particle radius: 10
   particle speed interval: [15,100]

Average displacement: 22.522754399504244
Standard deviation: 10.059700190749128

Displacement data:
27.177947859544684
22.821673418280145
24.62866089073299
13.588729256911405
16.670706487116025
35.01865797819553
12.608003388633652
36.33116323282912
30.542403917758108
19.647958644858623
18.596155088047805
23.597187936354608
5.692330714865016
29.033347906792233
5.942714439798742
11.077992611560429
19.843589751044956
25.801937024080818
14.04925622294929
24.252971670065083
20.178300089399723
22.627353029023798
21.03190256545646
42.06089874841206
19.018506705930434
18.312477841332598
23.390426635009515
9.528055984347931
36.13839564756054
38.11462616646206
33.00068422673251
14.692533802470125
33.122373369157266
19.154722856117406
9.23971681486229
12.274792986685403
32.54048771736948
23.415481796339634
35.99363172233768
21.398224593381542
9.100687886062998
30.51234585158684
24.190965013067608
30.558963494136897
25.121689906230856
17.760626729358684
14.33471151321231
4.730929672448301
33.38959643738935
15.144719820746413
25.5942816265841
32.18520076331211
13.875575755116209
26.3070242443359
35.114834233375305
16.507578064475382
34.20447986451484
32.93045368887372
24.4116135379285
39.8244137011483
30.290819846392097
25.886733177290296
33.8751170991613
19.04124759486736
34.19933508949114
28.117981626259294
10.237870983130136
11.200222377607815
10.977768015209183
23.787936449544873
22.346461192851432
5.175177760965972
7.786980176007232
42.79587558116332
23.383596457996035
23.532703108398728
14.645355465110946
15.742436916001573
15.509627758435819
22.913581250213852
43.1769747871076
16.678782051608152
40.488365343051036
13.9367837350873
13.87059049322185
45.79909002127915
26.478521305045955
4.362875741156372
20.872809948306088
28.06172677082335
49.502000662500215
6.108052831706715
5.838833613637147
32.38810066689093
20.186689172489146
7.725772806257591
11.258736459959085
18.09932219582817
17.333812795835176
6.400737104780498
23.35089484979952
8.341991447242076
17.528672016966926
15.153440377763223
16.85471199012523
19.85317021892086
29.448247468241025
7.6210445445099575
22.734714561763884
13.334341328456901
23.885759637856985
25.147663311892643
13.265418212962672
26.43450739369161
20.90635637490247
29.425481253608847
5.525214994658432
11.845085888941377
37.55079854834392
16.92903186447144
26.841054886322823
36.337719572166264
32.63373322487581
54.030064986318735
3.791393038049831
19.533364639519338
12.988942830764158
30.75363602846123
31.84284056091251
37.84235626872246
34.793192107031665
29.91364656046631
43.37677236155332
10.515056069217412
25.639922412126634
25.227917750260016
19.391897662041227
16.68852379198834
20.74511855845339
24.083688075191926
16.919628276670622
23.969130120138967
13.930834299050899
19.84911361196014
36.06348481292275
5.601165017921137
38.42733305831598
18.84149254092357
12.860302276316288
40.50288170866591
20.372433838000333
21.192319867009218
32.93508144192882
14.563245938333868
25.89954685173025
29.27427534200131
26.47321118966723
12.854081520271288
20.497284317811175
24.736931367089348
26.753905379673565
14.332197766509811
14.43452869729066
26.340066698835106
44.1319815864686
24.697257441501606
29.799791667816066
23.864092338416103
24.15134270606237
33.647159320522505
25.956390724430147
19.704051130838153
18.53161031407185
15.991033830531675
26.24287400100499
31.882904205496853
17.01719624988939
32.951465133543316
6.967262832059405
30.78503700826479
34.98772194593472
21.73607637281946
18.036067719586153
27.711274733615433
25.20767803011848
46.3402044218217
23.868023099728426
22.859136311258297
31.44569591529493
24.399879230759364
49.20074434116375
17.157167811736173
8.459655357441138
23.490351711321114
28.678386151133065
12.661064081168657
27.191351804152532
9.111626968618857
25.42825823695102
20.387977135680156
17.754726589965472
8.009282976429759
21.192728726349173
34.347697448437394
30.931657993747795
22.04413962327157
23.82478993930265
20.747958700514822
19.096609656074815
31.326942332757678
13.42989619939671
5.992349312168244
25.35652373900093
14.976668155204736
21.100464833708706
16.376907453471162
15.684685077985492
24.422420456985677
25.61999160816912
33.11930395229343
39.265015155000754
10.833697277520539
30.777023522891334
18.79191035144274
20.137201252867214
22.628734288665758
16.317689857169405
38.32538176382928
37.76943446383895
9.56519043014772
17.02957803692485
14.305499377358386
14.603117547981615
21.304405099479528
17.97066687778077
22.992139267737382
9.137274226336059
20.811316415577302
20.296489775512597
43.70651336443079
16.370453664240934
7.032863499634939
18.64336005978913
5.90060996690239
14.41478621922787
2.3932060272188345
12.14908038997539
19.997491977288284
20.42446335206145
39.05352613679132
