Brownian Motion Simulation
2013-12-04-22:33:57

Simulation Parameters:
   times run: 250
   number of particles: 25
   simulation time (s): 100
   dt (s): 0.25
   box size (m): 500.0
   mass radius: 100
   particle radius: 10
   particle speed interval: [15,100]

Average displacement: 10.16344343875063
Standard deviation: 5.6701363284089945

Displacement data:
17.19023577438406
15.566599136745186
9.359390581949892
9.07439253055721
5.711146572876924
5.604363562430185
4.512822612283552
7.5834612861375135
2.295035290623901
18.91296638905966
6.032407037712685
5.639281468983824
6.976454997203044
18.655272180551908
14.737532131204636
2.8643520909743616
7.494578127697812
4.94047813939537
11.232833129319191
2.3052714155038427
14.073438469567723
6.210285084206439
8.626509287632896
12.026389186865893
4.609558230323216
5.898696414180494
15.823452067066592
5.795175900092789
7.464830553629193
15.83836114824293
10.443327194824198
11.754502151061722
11.794612552270364
8.92898825815698
8.976607238216424
7.316182180919107
7.995686761860088
5.381262170623561
15.693825125311408
20.94286023500437
13.752419709769532
2.5625886610379336
6.838243285409153
3.086751004239672
18.99640107049312
13.345675372115874
4.985005559112334
10.450725920565256
17.803415449992006
6.578470321026603
13.685919181034638
4.751872563663604
12.55080198159995
4.055650231509663
21.18122895181359
8.844515283396259
11.993388256337441
11.80539490286134
9.871807419284707
10.660086239136769
21.749853240805663
4.522133702050344
5.883125136248596
15.573944309543714
9.96834449339612
21.956577871180535
22.933411894429003
5.92078382829523
22.944942206616837
18.133342835685628
13.083356662030804
9.931597601807718
4.272423950637662
11.113344708920373
10.818803128508721
20.59230101079287
17.069787768497516
3.366406492666007
33.14671768438055
4.200332940000754
22.2365571674598
8.016788776706845
7.832097857988554
12.36890291269509
3.2427977836889097
5.311804410199399
9.110091592131948
11.00805745907873
3.0107242030618493
18.42794373446085
7.336730123588187
5.232544428034666
9.21332810964799
10.13393212644617
5.461251020809302
11.8708130764017
13.324152944840765
9.984173519286514
8.981931510883626
6.084155265252471
9.95066038328838
18.76752343149267
8.901930108496787
5.768544191244847
7.88575592328958
12.582486220718051
11.721665956196496
5.4835215542882025
6.61498575880965
28.693854621545324
0.6107271538617514
8.61213724804801
9.76034151471068
19.121039460852955
19.0679985026147
14.82544220148131
11.614559462538365
7.417083332722641
6.336951921533463
1.3504265821205477
11.039382059445801
9.620105112022005
6.6707762599664555
7.931454868791033
13.67793776567068
11.043713664103036
10.240867057083195
9.13200591840973
3.870938631355553
8.892782374982833
14.21546695594224
9.425102553302082
10.330984238405023
12.451291673111657
9.602079333533128
15.991708182491884
17.344166691005498
17.282924627999417
12.062068374346769
1.0286799675739968
16.974369869388518
4.559925376057745
8.112595963547122
5.570663734616875
2.330200574988071
3.2060643207507815
8.139430520339403
14.839214177396627
2.2934658385637383
10.168448257735887
9.87652308895
5.287842175448792
15.85385581109981
10.101007132918975
5.10254611301567
20.95703402041085
9.125480253848833
6.699192235289566
2.739777694580618
5.680694855878574
9.943156342692248
13.05474363316944
9.70091593963007
10.640328911462435
4.877881501304115
3.656179284616921
7.243063136540538
4.129676419737796
7.95780157765408
12.078321176177264
9.117825438707012
0.37865489092667104
6.617036773984361
2.8176714078797525
14.96249502016725
15.768456788613346
17.39959293929386
9.486769608695552
6.110203740794054
5.942728305761067
21.535300702360882
15.432188083032527
16.25477368908371
4.679014337489791
7.887255877437927
1.6324585652124985
4.231838112823612
12.407270470385615
9.693773630375357
4.188739050909425
20.749181943473427
5.531533075500907
10.065634662717352
4.673403338264694
15.955810732365183
9.626555480027909
8.981429293846904
8.374456922035174
10.392421017618325
7.95704493840876
3.5679097567432376
4.473326047157707
10.064845860997822
8.037327121645102
9.954762337136696
13.249672942220874
8.645574647329315
6.539933367476303
6.401456396611995
15.21435004353313
22.13016141561187
7.051764951508525
14.461494044473914
4.231325490300057
15.1635551348963
6.1524745338710325
3.3411375855906984
11.550908826936553
7.786015525764137
12.461576993261993
8.740495654041322
4.804114321086782
6.968076264063996
11.466287334469403
5.291506930145237
8.150350021770493
18.50129620425525
17.589691849987336
5.886143477826218
20.841919964826936
9.426094875425344
21.180061747856136
3.9851744728056744
2.311061552148299
7.475111675403532
2.218308647961856
15.166174782613943
6.76257393330758
15.579294180740229
14.295719870140642
3.5595176077132233
12.268020978385566
27.739656459027835
8.123240588491978
5.013838365486778
9.20457073716912
15.249007155470537
14.594686317181084
21.30156348395788
4.53964107621971
